0.1874830722808838
701
702
704
705
706
707
708
709
711
712
713
714
715
716
722
723
724
725
727
729
730
733
735
737
738
739
740
741
743
745
746
747
749
750
751
752
753
755
757
760
761
763
770
771
772
776
782
792
794
795
798
801
802
804
806
808
810
811
812
816
817
818
820
821
822
824
825
826
829
830
831
834
835
836
837
838
841
843
846
847
849
850
1.5194122791290283
701
701
701
701
701
701
702
702
702
702
702
702
702
702
702
702
702
702
702
702
702
702
702
702
704
704
704
704
704
704
704
705
705
705
705
705
705
705
705
705
705
705
705
705
706
706
706
706
706
706
706
707
707
707
707
707
707
707
708
708
708
708
708
708
709
709
709
709
709
709
709
709
709
711
711
711
711
711
711
711
711
711
711
711
712
712
712
712
712
712
713
713
713
713
713
713
713
714
714
714
714
714
714
714
714
714
715
715
715
715
715
715
715
715
715
716
716
716
716
716
716
716
716
716
722
722
722
722
722
722
723
723
723
723
723
723
724
724
724
724
724
724
725
725
725
725
725
725
725
725
727
727
727
727
727
727
727
729
729
729
729
729
729
729
729
730
730
730
730
730
730
730
730
730
733
733
733
733
733
733
735
735
735
735
735
735
735
735
735
737
737
737
737
737
737
737
737
737
738
738
738
738
738
739
739
739
739
739
739
739
740
740
740
740
740
740
740
741
741
741
741
743
743
743
743
743
743
743
743
745
745
745
745
745
745
745
745
746
746
746
746
746
747
747
747
747
747
747
747
749
749
749
749
749
749
750
750
750
750
750
750
750
750
750
750
750
750
750
750
750
751
751
751
751
751
751
751
751
751
752
752
752
752
752
752
753
753
753
753
753
753
753
755
755
755
755
755
755
755
755
755
757
757
757
757
757
760
760
760
760
760
760
760
760
761
761
761
761
761
761
761
761
761
763
763
763
763
763
763
763
763
763
770
770
770
770
770
770
770
771
771
771
771
771
771
772
772
772
772
772
772
772
772
776
776
776
776
776
776
776
776
782
782
782
782
782
792
792
792
792
792
792
794
794
794
794
794
794
794
795
795
795
795
795
795
798
798
798
798
798
798
798
798
801
801
801
801
801
801
801
801
801
801
802
802
802
802
802
802
802
804
804
804
804
804
804
804
804
804
804
804
804
806
806
806
806
806
806
806
808
808
808
808
808
808
808
808
808
808
810
810
810
810
810
810
811
811
811
811
811
811
811
812
812
812
812
812
812
812
812
812
812
812
812
812
816
816
816
816
816
816
816
816
816
816
816
817
817
817
817
817
817
817
818
818
818
818
818
818
818
818
818
818
818
818
818
820
820
820
820
820
820
821
821
821
821
821
821
821
821
822
822
822
822
822
822
822
822
822
822
822
822
822
822
824
824
824
824
824
824
824
824
824
824
825
825
825
825
825
825
825
825
826
826
826
826
826
826
829
829
829
829
829
829
829
829
829
829
829
829
830
830
830
830
830
830
830
830
831
831
831
831
831
831
831
831
831
834
834
834
834
834
834
834
834
834
835
835
835
835
835
835
835
835
835
835
835
836
836
836
836
836
836
836
837
837
837
837
837
837
837
837
837
838
838
838
838
838
838
838
838
838
838
841
841
841
841
841
841
841
841
841
843
843
843
843
843
846
846
846
846
846
846
846
846
847
847
847
847
847
847
847
849
849
849
849
849
850
850
850
850
850
850
850
1.3449759483337402
701
alldocs\GX000-01-10544170.txt
701
alldocs\GX000-01-10544170.txt
701
alldocs\GX000-01-10544170.txt
701
alldocs\GX000-01-10544170.txt
701
alldocs\GX000-01-10544170.txt
701
alldocs\GX000-01-10544170.txt
702
702
702
702
702
702
702
702
702
702
702
702
702
702
702
702
702
702
704
704
704
704
704
704
704
705
705
705
705
705
705
705
705
705
705
705
705
705
706
706
706
706
706
706
706
707
alldocs\GX000-01-10544170.txt
707
alldocs\GX000-01-10544170.txt
707
alldocs\GX000-01-10544170.txt
707
alldocs\GX000-01-10544170.txt
707
alldocs\GX000-01-10544170.txt
707
alldocs\GX000-01-10544170.txt
707
alldocs\GX000-01-10544170.txt
708
708
708
708
708
708
709
709
709
709
709
709
709
709
709
711
711
711
711
711
711
711
711
711
711
711
712
712
712
712
712
712
713
713
713
713
713
713
713
714
714
714
714
714
714
714
714
714
715
715
715
715
715
715
715
715
715
716
716
716
716
716
716
716
716
716
722
722
722
722
722
722
723
723
723
723
723
723
724
724
724
724
724
724
725
725
725
725
725
725
725
725
727
727
727
727
727
727
727
729
729
729
729
729
729
729
729
730
730
730
730
730
730
730
730
730
733
733
733
733
733
733
735
735
735
735
735
735
735
735
735
737
737
737
737
737
737
737
737
737
738
738
738
738
738
739
739
739
739
739
739
739
740
740
740
740
740
740
740
741
741
741
741
743
743
743
743
743
743
743
743
745
745
745
745
745
745
745
745
746
746
746
746
746
747
747
747
747
747
747
747
749
749
749
749
749
749
750
750
750
750
750
750
750
750
750
750
750
750
750
750
750
751
751
751
751
751
751
751
751
751
752
752
752
752
752
752
753
753
753
753
753
753
753
755
alldocs\GX000-01-10544170.txt
755
alldocs\GX000-01-10544170.txt
755
alldocs\GX000-01-10544170.txt
755
alldocs\GX000-01-10544170.txt
755
alldocs\GX000-01-10544170.txt
755
alldocs\GX000-01-10544170.txt
755
alldocs\GX000-01-10544170.txt
755
alldocs\GX000-01-10544170.txt
755
alldocs\GX000-01-10544170.txt
757
757
757
757
757
760
760
760
760
760
760
760
760
761
alldocs\GX000-01-10544170.txt
761
alldocs\GX000-01-10544170.txt
761
alldocs\GX000-01-10544170.txt
761
alldocs\GX000-01-10544170.txt
761
alldocs\GX000-01-10544170.txt
761
alldocs\GX000-01-10544170.txt
761
alldocs\GX000-01-10544170.txt
761
alldocs\GX000-01-10544170.txt
761
alldocs\GX000-01-10544170.txt
763
763
763
763
763
763
763
763
763
770
770
770
770
770
770
770
771
771
771
771
771
771
772
772
772
772
772
772
772
772
776
776
776
776
776
776
776
776
782
782
782
782
782
792
792
792
792
792
792
794
794
794
794
794
794
794
795
795
795
795
795
795
798
798
798
798
798
798
798
798
801
801
801
801
801
801
801
801
801
801
802
802
802
802
802
802
802
804
804
804
804
804
804
804
804
804
804
804
804
806
806
806
806
806
806
806
808
808
808
808
808
808
808
808
808
808
810
810
810
810
810
810
811
811
811
811
811
811
811
812
812
812
812
812
812
812
812
812
812
812
812
812
816
816
816
816
816
816
816
816
816
816
816
817
817
817
817
817
817
817
818
818
818
818
818
818
818
818
818
818
818
818
818
820
820
820
820
820
820
821
821
821
821
821
821
821
821
822
822
822
822
822
822
822
822
822
822
822
822
822
822
824
824
824
824
824
824
824
824
824
824
825
825
825
825
825
825
825
825
826
826
826
826
826
826
829
829
829
829
829
829
829
829
829
829
829
829
830
830
830
830
830
830
830
830
831
831
831
831
831
831
831
831
831
834
834
834
834
834
834
834
834
834
835
835
835
835
835
835
835
835
835
835
835
836
836
836
836
836
836
836
837
837
837
837
837
837
837
837
837
838
838
838
838
838
838
838
838
838
838
841
841
841
841
841
841
841
841
841
843
843
843
843
843
846
846
846
846
846
846
846
846
847
847
847
847
847
847
847
849
849
849
849
849
850
850
850
850
850
850
850
