queryID     precision     recall          f_score
701 0.00042122999157540015 0.0001333155579256099    0.0003999466737768297   
702 0.00042122999157540015 0.0001333155579256099    0.0003999466737768297   
704 0.00042122999157540015 0.0001333155579256099    0.0003999466737768297   
705 0.00042122999157540015 0.0001333155579256099    0.0003999466737768297   
706 0.00042122999157540015 0.0001333155579256099    0.0003999466737768297   
707 0.00042122999157540015 0.0001333155579256099    0.0003999466737768297   
708 0.00042122999157540015 0.0001333155579256099    0.0003999466737768297   
709 0.00042122999157540015 0.0001333155579256099    0.0003999466737768297   
711 0.00042122999157540015 0.0001333155579256099    0.0003999466737768297   
712 0.00042122999157540015 0.0001333155579256099    0.0003999466737768297   
713 0.00042122999157540015 0.0001333155579256099    0.0003999466737768297   
714 0.00042122999157540015 0.0001333155579256099    0.0003999466737768297   
715 0.00042122999157540015 0.0001333155579256099    0.0003999466737768297   
716 0.00042122999157540015 0.0001333155579256099    0.0003999466737768297   
722 0.00042122999157540015 0.0001333155579256099    0.0003999466737768297   
723 0.00042122999157540015 0.0001333155579256099    0.0003999466737768297   
724 0.00042122999157540015 0.0001333155579256099    0.0003999466737768297   
725 0.00042122999157540015 0.0001333155579256099    0.0003999466737768297   
727 0.00042122999157540015 0.0001333155579256099    0.0003999466737768297   
729 0.00042122999157540015 0.0001333155579256099    0.0003999466737768297   
730 0.00042122999157540015 0.0001333155579256099    0.0003999466737768297   
733 0.00042122999157540015 0.0001333155579256099    0.0003999466737768297   
735 0.00042122999157540015 0.0001333155579256099    0.0003999466737768297   
737 0.00042122999157540015 0.0001333155579256099    0.0003999466737768297   
738 0.00042122999157540015 0.0001333155579256099    0.0003999466737768297   
739 0.00042122999157540015 0.0001333155579256099    0.0003999466737768297   
740 0.00042122999157540015 0.0001333155579256099    0.0003999466737768297   
741 0.00042122999157540015 0.0001333155579256099    0.0003999466737768297   
743 0.00042122999157540015 0.0001333155579256099    0.0003999466737768297   
745 0.00042122999157540015 0.0001333155579256099    0.0003999466737768297   
746 0.00042122999157540015 0.0001333155579256099    0.0003999466737768297   
747 0.00042122999157540015 0.0001333155579256099    0.0003999466737768297   
749 0.00042122999157540015 0.0001333155579256099    0.0003999466737768297   
750 0.00042122999157540015 0.0001333155579256099    0.0003999466737768297   
751 0.00042122999157540015 0.0001333155579256099    0.0003999466737768297   
752 0.00042122999157540015 0.0001333155579256099    0.0003999466737768297   
753 0.00042122999157540015 0.0001333155579256099    0.0003999466737768297   
755 0.00042122999157540015 0.0001333155579256099    0.0003999466737768297   
757 0.00042122999157540015 0.0001333155579256099    0.0003999466737768297   
760 0.00042122999157540015 0.0001333155579256099    0.0003999466737768297   
761 0.00042122999157540015 0.0001333155579256099    0.0003999466737768297   
763 0.00042122999157540015 0.0001333155579256099    0.0003999466737768297   
770 0.00042122999157540015 0.0001333155579256099    0.0003999466737768297   
771 0.00042122999157540015 0.0001333155579256099    0.0003999466737768297   
772 0.00042122999157540015 0.0001333155579256099    0.0003999466737768297   
776 0.00042122999157540015 0.0001333155579256099    0.0003999466737768297   
782 0.00042122999157540015 0.0001333155579256099    0.0003999466737768297   
792 0.00042122999157540015 0.0001333155579256099    0.0003999466737768297   
794 0.00042122999157540015 0.0001333155579256099    0.0003999466737768297   
795 0.00042122999157540015 0.0001333155579256099    0.0003999466737768297   
798 0.00042122999157540015 0.0001333155579256099    0.0003999466737768297   
801 0.00042122999157540015 0.0001333155579256099    0.0003999466737768297   
802 0.00042122999157540015 0.0001333155579256099    0.0003999466737768297   
804 0.00042122999157540015 0.0001333155579256099    0.0003999466737768297   
806 0.00042122999157540015 0.0001333155579256099    0.0003999466737768297   
808 0.00042122999157540015 0.0001333155579256099    0.0003999466737768297   
810 0.00042122999157540015 0.0001333155579256099    0.0003999466737768297   
811 0.00042122999157540015 0.0001333155579256099    0.0003999466737768297   
812 0.00042122999157540015 0.0001333155579256099    0.0003999466737768297   
816 0.00042122999157540015 0.0001333155579256099    0.0003999466737768297   
817 0.00042122999157540015 0.0001333155579256099    0.0003999466737768297   
818 0.00042122999157540015 0.0001333155579256099    0.0003999466737768297   
820 0.00042122999157540015 0.0001333155579256099    0.0003999466737768297   
821 0.00042122999157540015 0.0001333155579256099    0.0003999466737768297   
822 0.00042122999157540015 0.0001333155579256099    0.0003999466737768297   
824 0.00042122999157540015 0.0001333155579256099    0.0003999466737768297   
825 0.00042122999157540015 0.0001333155579256099    0.0003999466737768297   
826 0.00042122999157540015 0.0001333155579256099    0.0003999466737768297   
829 0.00042122999157540015 0.0001333155579256099    0.0003999466737768297   
830 0.00042122999157540015 0.0001333155579256099    0.0003999466737768297   
831 0.00042122999157540015 0.0001333155579256099    0.0003999466737768297   
834 0.00042122999157540015 0.0001333155579256099    0.0003999466737768297   
835 0.00042122999157540015 0.0001333155579256099    0.0003999466737768297   
836 0.00042122999157540015 0.0001333155579256099    0.0003999466737768297   
837 0.00042122999157540015 0.0001333155579256099    0.0003999466737768297   
838 0.00042122999157540015 0.0001333155579256099    0.0003999466737768297   
841 0.00042122999157540015 0.0001333155579256099    0.0003999466737768297   
843 0.00042122999157540015 0.0001333155579256099    0.0003999466737768297   
846 0.00042122999157540015 0.0001333155579256099    0.0003999466737768297   
847 0.00042122999157540015 0.0001333155579256099    0.0003999466737768297   
849 0.00042122999157540015 0.0001333155579256099    0.0003999466737768297   
850 0.00042122999157540015 0.0001333155579256099    0.0003999466737768297   
