0.596614885877
0.168327108337
0.154930960278
0.306768924371
0.117781212381
0.253648009253
0.989231360485
0.262403134979
0.235004561707
0.101151907748
0.730013896075
0.321219686547
0.231449322962
0.129142557277
0.204290775313
0.320093726041
0.224639753898
0.31092870085
0.0619455155852
0.127437820178
0.111594403337
0.292643710874
0.240117164427
0.185798731945
0.127712169153
0.146024818149
0.142180922594
0.304874568609
0.0764548422524
0.0808331437754
0.184078523858
0.141951217729
0.0953045468657
1.69825542929
0.12805868631
0.255011745165
0.0926676485599
0.677953014365
0.634161796365
0.531171492065
3.35835482127
0.0937431812171
0.914867966685
0.265640650874
0.220069438684
1.24318170324
0.199506364892
0.292815067531
0.1160673689
0.243152668697
0.292281450765
0.218038496799
0.227596407944
0.344375510155
0.192114452182
0.194419430292
0.828204661486
0.352527882819
0.408838544943
0.0706527227659
0.1035793495
0.0817966040618
0.194492934106
0.262519232726
0.11526455913
0.117474854022
0.226496534493
0.240076239724
0.156617622991
0.213278742805
0.0832359032175
0.21185837438
0.337362615174
0.118137365371
0.173408666196
0.240762986888
0.158586334715
0.108765559419
0.123924078816
0.172120826908
0.519502029103
0.222767534156
0.0989942559445
0.0839507482841
0.380706190429
0.150620450981
0.387833313648
0.164778504581
0.149234069292
0.201328439769
0.821498533933
0.26282421257
0.116884762369
0.164336211382
0.0854297626479
0.0919285965765
0.951596048673
0.131005427066
1.17706387822
0.169734564598
0.478885201925
0.542749297344
0.277504853351
0.0739720899139
0.231172665798
0.318547391858
0.121862355178
0.171468999408
0.129428494926
0.193714201833
0.236264605901
0.0691401690113
0.500114090746
0.606314277062
0.155136337439
0.211286079514
0.3374176218
1.1604625198
0.132532709608
0.110330763841
0.142469241563
0.151207623299
0.130203842924
0.129180177227
0.206058661435
0.49488694275
0.155794557615
1.09514281344
0.116753028925
0.17359246175
3.35835482127
0.268951675509
0.196406113932
0.32181544054
0.17909666949
0.2598056744
1.22926010078
0.105336264165
0.136671982835
0.179658754633
0.108265171972
0.138733960779
0.177839194348
0.270356390499
0.115033045585
0.174331877055
0.129129892833
0.248564233162
0.24806718138
0.0498279690821
0.235837839682
0.313718412263
0.145140886021
0.218687591815
0.375741052242
0.401532435451
0.277676304182
0.288309125482
0.181768667457
0.209057689473
0.265377803668
0.349023194325
0.0997250082015
0.493237639313
0.121941566437
0.0783704312639
0.582484422544
0.262105525719
0.0701156437345
0.116658437169
0.100157756229
0.268868152021
0.291814297426
0.128861343312
0.173038513058
0.141136883559
0.236989179919
0.381316374262
1.22631523089
0.37260301087
0.310198936176
0.49914602877
0.138615470079
1.67917741064
0.211043976782
0.100533321355
0.126769792755
0.215537765629
0.177111704501
0.179236389086
0.514679738272
0.107973895928
0.116381657249
0.124742620971
0.131406391144
0.473471057132
0.359476875294
0.390563164066
0.260616147309
0.166828009131
0.24871602634
0.115540610197
0.0874933254915
0.135098875986
0.117615831573
0.162249384075
0.0939630548121
0.148771465079
0.216474781349
0.0770038116016
0.155202371383
0.226540977855
0.433067914616
0.195257453941
0.133381936257
0.3065166586
0.209052700288
0.0969477610435
0.195828842624
0.225753656846
0.343203232664
0.173883408943
0.284798893673
0.281526156858
0.10056114601
0.246346331488
0.284707427593
0.158083819298
0.114212096125
0.253312303357
0.139962277421
0.41602941123
0.158394021098
0.179843163655
0.0901486724077
0.207650628354
0.186397895648
0.378975698489
0.0768514092766
0.272237166705
0.183174602271
0.508377616056
0.118434606325
0.346558391384
0.0815967143441
0.11661646715
0.0816117369457
0.205966063846
0.840005314128
0.443535513779
0.278921818339
0.168690592376
0.15297221123
0.13241116637
0.212828122069
0.0852706437688
0.703615410957
1.14665424273
0.0947843716089
0.230350181978
0.271170340538
0.250321889304
0.0951849030065
0.223201344039
0.0243360200495
0.0931828920086
0.127463755103
0.131815034502
0.106397165773
0.467532434673
0.588080638014
0.328837489917
0.103425332952
0.125274877219
0.127077412017
0.154512035898
0.252379452003
0.0804276351922
0.0777130938833
0.0937535379091
0.0916660524615
0.0688986306164
0.122065549529
0.0794187494213
0.233362799741
0.564511986308
0.24458265366
0.126558630931
0.447445067675
10.3611615759
0.560784976138
1.08603869385
0.500113257532
0.697456324309
0.0983991730639
0.208359208197
0.353251270939
0.62814668923
0.278091471112
0.635390013815
0.637247127594
0.508465047289
0.539535393722
0.230633609187
0.193803339118
0.273428919376
0.134963206311
0.289439555899
0.153979649183
0.340765610353
0.121183331135
0.425663228291
0.0992544360473
0.125914248184
0.194090016289
0.19528457421
0.367900984986
0.184213911592
0.307297129217
1.24469910827
0.272956111896
0.159298538387
1.03411111517
0.460980621784
0.28581278986
0.148526054229
0.12052807559
0.111861479431
0.186077033887
0.153129350256
0.108746331337
0.156837251514
0.494024124067
0.680820784023
1.07263649848
0.157671866996
0.433018572674
0.210958415657
0.103213763992
0.0890376782359
0.163177670133
0.284874879323
0.196734280011
0.110658521682
0.107502642506
0.441418045566
0.472864083372
0.132571738557
0.211241534904
0.134764472278
0.177992090365
0.144647814257
0.247034981855
0.151300762833
0.300253872839
0.256045725405
0.244304505814
0.0843440868724
0.15322087315
0.287205159323
0.447774278485
0.118000927499
0.203247634235
0.155122023096
0.340416677578
0.456878216743
0.08916774713
0.104771191727
0.13508778708
0.476603828687
0.116053579436
0.248849828139
0.275974705746
0.759194181325
0.210095446074
0.169464460022
0.0949961695171
0.133106231198
0.0971402731709
0.157262440347
0.0601573648202
4.49551746294
0.116220576176
0.33551611195
0.252305002246
0.121027085871
0.10023935819
0.466633802431
0.54685103013
0.144999817871
0.310151894823
0.210054134182
0.374137616894
0.276055366647
0.299086052454
0.208624572881
0.19582818541
0.165925115414
0.201338529124
0.371038412887
0.61402095059
0.152278622491
0.282933240786
0.203803273286
0.573310542315
0.193546198655
0.230405236138
0.21468703593
0.52978147337
0.477890532481
0.582828961286
0.494648426787
0.187466363658
0.318830788475
0.169829941182
0.588086989627
0.290339184922
0.186571237182
0.176809619863
0.135910706107
0.210540526687
0.247810448614
0.149885989866
0.240501650415
0.551934635417
0.20112406656
0.167758218273
0.109138581015
0.336665757748
0.275159900916
0.183097865634
0.252736785289
0.413775084359
0.329448962815
0.618161345852
0.691070968741
0.588914780283
0.563394597061
0.731705283251
0.064552111103
0.506160001139
0.425211087962
0.354939899026
0.454499018435
0.5305592392
0.45324047565
0.405730851856
0.372458792709
0.471324826039
0.448817730447
0.615912818269
0.294639594404
2.03666109254
0.0927346134666
0.280633353047
0.15429667447
0.529238880417
0.780789917985
0.236370161947
0.179682569496
0.142867225173
0.411402589808
0.241732127706
0.553261556332
0.251245585208
0.350195022323
0.221884569041
0.328752080367
0.219990360205
0.205898303751
0.318547110523
0.242325426076
0.805569219567
1.65751321522
0.81030937868
0.88291363226
0.480085829406
0.426072088668
1.07784788594
0.241053457636
0.18971986158
0.908515416391
0.145765632117
0.205777727098
0.214919011235
0.192056748119
0.35017070141
0.0969126847129
0.1187513134
0.247772522436
0.354210412345
0.143979197769
0.226067743638
0.136411204144
0.0951908184666
0.319120415689
0.206683774978
0.297495329576
0.0572904844507
0.265938072728
0.458689342889
0.525493581036
0.113793351105
0.189686180805
0.203663002982
0.183741949536
0.517021858475
0.223252575706
0.132122104468
0.478228845458
0.549244355726
0.104699261784
0.206636340763
0.408947037363
0.109635289909
0.145516399107
0.10815718163
0.22064720714
0.264709895908
0.169769052408
0.592240326696
0.814456034002
0.328531982938
0.265874874525
0.756982847272
0.192853844846
0.112950138302
0.126439769947
0.110291431631
0.178542075244
0.218725059351
0.0976832715892
0.169857979219
0.125871238837
0.149486756851
0.160461227985
0.169763198418
0.113760176903
0.274752211675
0.683947865775
0.107914922017
0.332142814538
0.23356143671
0.0999744666507
1.20236406353
10.3611615759
0.281975620054
0.197612217383
0.387182701788
0.185317687416
0.151228627945
0.396974367287
0.396638985556
0.803838156225
1.25335198758
0.10673684652
0.228384587878
0.0934130947505
0.104874396319
0.149959911388
2.61726912448
0.312586252397
0.33744625665
0.219127891729
0.107206232049
0.193223007267
0.211214508665
1.06090218817
0.262080627713
0.123508766328
0.139681903525
0.0922483082079
0.147882313176
0.230020225847
0.445988653236
0.112157157908
3.35835482127
0.286846846129
0.159709364537
0.206520497224
0.214642513975
0.160312703526
0.148794858211
0.0933771815319
0.0985852077852
0.241838090039
0.121550520411
0.103673585324
0.067578346827
0.202608703271
0.133933112671
0.0853167927099
0.077094761437
0.548522786689
0.107701375834
0.0921188408479
0.191742775691
0.673855337081
0.103711253259
0.123442517183
0.0691402657721
0.262626187331
0.152488752545
0.126509451123
0.1440191127
0.872120171269
0.123943682631
0.105083519349
0.48157376993
0.114799825512
0.097537865088
0.108682848047
0.623844924089
0.257395144197
0.526479508922
1.13632762686
0.205916333015
0.257037691051
0.199824679304
0.22206688713
0.505826326863
0.106066961052
0.0985902972327
0.257020498275
0.113852139607
0.246778735853
0.192451383073
0.166577606054
0.0871897994071
0.098754952541
0.154201543183
0.264238413308
0.11483409381
0.163930412033
0.103103033643
0.1214941115
0.473829012511
0.0344279182684
0.117534608485
0.443506624321
0.11975393304
0.59552636181
0.0997063008388
0.647936035379
0.151932599592
0.105970998109
0.103245573142
0.183470328914
0.124061996198
0.140849119595
0.43802600059
0.0977141104702
0.144485398964
0.214691681918
0.285844563296
0.127648311044
0.315262955649
0.228776285822
0.358106190484
0.268462728168
0.373597008246
0.0855307709883
0.0888811470374
0.292166672282
0.393353763467
0.244037712602
0.49611502605
3.23786299248
1.77145196423
0.763152004768
0.468973400958
0.160883467596
1.44629863049
0.125458185186
0.156020950571
0.2074660828
0.49351268181
0.246232576236
0.223013624139
0.270906741953
0.119162174548
0.263097016182
0.15658095341
0.065291051318
0.254583871164
0.459477938315
0.282372458831
0.394839500995
0.156338770243
0.247713888482
0.13701266121
0.195498429953
0.133850939619
0.267656906777
0.23064550905
0.277341304303
0.0916783094876
0.8912433489
0.372677745133
0.84027330928
0.251940210869
0.207003869121
0.210618237048
0.182466299155
0.849707591265
0.132892838273
0.0986324771813
1.5465209528
0.560408042425
0.812968137211
0.222366691594
0.435024778751
0.0566485116861
0.206198209356
0.20964743012
0.101376500264
0.468375272985
0.104196323262
0.15403386807
0.199344369465
0.338673304346
0.311462212536
0.162491055911
0.461087283462
0.0985960657027
0.0942955762891
0.219203266417
0.268047441028
0.286934094386
0.307454660007
0.23654375171
0.129996476837
0.101968147866
0.93250922602
0.630143961744
1.74402974935
0.302434820914
0.444727761892
0.266877194127
0.225158028997
0.0963604717803
0.242957084379
0.217012974314
0.151376120888
0.30571251476
0.163638744371
0.0866937940905
0.0870054075522
0.180064568601
0.625814040374
0.264413131614
0.304110459188
0.397364270353
0.225878936139
0.251029419633
0.115523743611
0.222551029418
0.310873432561
0.242519757674
0.169664249362
0.171176304184
0.262591065708
0.237828494696
0.188078226247
0.298624585068
0.22656032207
0.225026841551
0.105752897011
0.666493505979
0.236696451308
0.145015370209
0.113324708667
0.309224577706
0.16586846091
0.136765121652
0.451842432063
0.103589586191
0.413564029594
0.0790643203957
0.0541346663523
0.0602013266925
0.0792019861817
0.133004751095
0.101364311943
0.374302064339
0.423436042052
0.252552387565
0.186905820793
0.137099437138
1.48716130381
0.143238483067
0.248159667785
0.191796852274
0.23174313558
0.209820903918
0.397209019914
0.141583401646
0.106236601307
0.454191564534
0.105213687701
0.262721501745
0.125857320428
0.18226895451
0.145065958986
0.147634406649
0.190283043064
0.287666044899
0.116926069872
0.108563906084
0.223641313217
0.152946457674
0.110481478449
0.20459427497
0.27618445044
0.363769978022
0.213807604267
0.0995324295719
0.374506732586
0.131257923623
0.271634246029
0.205936464
0.176030515543
0.103144172704
0.0741413200463
0.12707262937
0.410326822398
0.138754985126
0.325079973111
0.119037303837
0.116039559307
0.126997744012
0.199254284246
0.714653594066
0.126738488992
0.0655225080454
0.945285896842
0.186600183744
0.245710586694
0.105727119344
0.194578605415
0.166786221946
0.270102321409
0.220841939152
0.196717936773
0.0646653947742
0.104947813404
0.080250280202
0.115442146367
0.350114404652
1.12426393182
0.519060044405
0.243853683721
0.395481565577
0.452140421474
0.600359244974
1.36864363057
0.164298466161
0.27185022894
0.146496392262
1.2983104857
1.04948588165
0.342323259599
0.133546366868
0.118743590048
0.0375851403136
0.14208539062
0.150232784324
0.173773219817
0.161071133789
0.0610582777276
0.793072786873
0.397055112312
0.576323485043
0.191124939816
0.126651737836
0.424601019221
0.441137548678
1.53116181059
0.215085834922
0.705055224837
0.209543512755
0.191537256988
0.246895766155
0.140473599466
0.111485162482
0.159776253847
0.528663258184
1.44726382881
0.275954441398
0.43315360345
0.141202779981
0.101171504418
0.480520599557
1.18576638203
0.138888174568
0.923636077178
0.164321875304
0.08709709111
0.0699315058772
0.156067875622
1.09714570106
0.563971157345
0.652300155669
0.229662332577
0.839588705318
0.446637805483
4.49551746294
0.0914908627059
0.057045018261
0.208785282063
0.0891014990998
0.142463174723
0.486147794447
0.0873615213438
0.1164274716
0.289082292977
0.0855680345001
0.467555921505
0.317147049215
0.430619682234
0.369512156636
0.231469439448
0.0885747609918
0.0697208452806
0.666153150906
0.159187667179
0.603028313633
0.234464517844
0.500989726051
0.369362750251
0.0560266083834
0.454407061771
2.03666109254
0.0685803805123
0.33038633844
0.101930764416
0.220927706931
0.204702208235
0.157402148627
0.272037629847
0.0857150668349
0.491518754775
0.352179630364
0.185443542883
0.231998198598
0.133820723225
0.32583737996
0.263484509708
0.346317089581
0.257829634928
0.155150727502
0.123053779547
0.944401990958
0.164385492398
1.4061791394
0.158988684971
0.121624168911
0.184445376996
0.0445736371336
0.588209017245
0.161236536976
0.113699649529
0.176110404273
0.470270769671
0.109279801594
0.162068150385
0.0916140789401
0.0736520729445
0.172597163609
0.355241225184
0.241851978804
1.23078432193
0.2453182949
0.196310269893
0.146991994813
1.01833054627
0.400162458981
0.175124295465
0.0756481505988
0.141646065742
0.0964946272776
0.230972079715
0.0885952622511
0.149101999727
0.133166175738
0.101259041045
1.35352866861
0.184717725242
0.0527745855445
0.0940222682585
0.202215072137
0.100378131184
0.0530905894675
0.694583388937
0.193327539772
0.188159817476
0.0753155822787
0.630722903068
0.0635169978529
0.0930218523409
0.191960852396
0.119944288079
0.0924124648878
0.168496207255
0.324830241385
0.353754529091
0.267538205064
0.113984646923
0.280530525852
0.0982679704475
0.11997583362
0.211216543257
1.34833679259
0.183078960508
0.140500116499
0.285705948002
0.100382071119
0.0273483681627
0.166210377382
0.301571683029
0.0921461504676
0.165966051138
0.393710597252
0.0672439204262
0.132632058241
0.0555015010806
0.469742649222
0.0770840764326
0.0910914209347
0.230255427598
0.212388230752
0.210594688547
0.285935769948
1.67022193149
0.388391265027
0.0479559855213
0.132618217385
0.201059336895
0.0827515678362
0.230521167235
0.234813219575
0.209220156436
0.216146886746
2.03666109254
0.588945632858
0.153320522973
0.0402454362335
0.268755289082
0.584392038268
0.14930045773
0.317329805768
0.492512293077
1.38952639894
0.182505267694
0.372811032039
0.163597344798
0.900140480445
0.389460829857
0.475173002714
0.408225520757
0.245127072721
0.4706954523
0.116020083437
0.318533219392
0.29713724209
0.108857693853
0.108425410335
0.246397101903
0.265077107876
0.107355817542
0.126934087167
0.0671338330072
0.185147030985
0.055763369046
0.102140984532
0.487988129611
1.01936292445
0.0898785197657
0.096557661891
0.116196857718
0.153169100413
0.120286216614
0.138723357141
0.284868525831
0.0715805508258
0.152998223667
3.71416975972
0.0752221669771
1.71059886543
0.36749617757
0.120782184549
0.800271737731
0.375558458478
0.368758220195
0.221018390585
0.403886984332
0.358591670026
0.405057876572
0.0796134177855
0.0107405688283
0.0611024394383
0.238958190993
0.474779902928
0.394841771855
0.71661319406
0.513010987488
0.131433919498
0.108335452964
0.182317187014
0.180808203302
0.240979970593
0.323804133141
0.150803554425
0.446660756092
0.301813127899
0.281381460361
0.25628088168
0.276042927739
1.96346807105
0.694154788702
0.0457665457295
0.469902364305
0.328926204002
